version: 2
screens:
  - id: 64
    screen_id: squad_settings
    ocr: references/page.squad_fight.png
    regions:
      - name: page.squad_fight.auto
        action: exist
        threshold: 0.9
        bbox:
          x: 88.03088803088804
          y: 65.97826086956522
          width: 7.175675675675675
          height: 3.2
          rotation: 0.0
          original_width: 720
          original_height: 1280
      - name: page.squad_fight.speed
        action: exist
        threshold: 0.9
        bbox:
          x: 88.37837837837837
          y: 73.26086956521739
          width: 6.600386100386101
          height: 3.3
          rotation: 0.0
          original_width: 720
          original_height: 1280
