version: 2
screens:
  - id: 74
    screen_id: ""
    ocr: references/page.rewards.png
    regions:
      - name: rewards.title
        action: exist
        threshold: 0.9
        bbox:
          x: 16.756756756756758
          y: 21.52173913043478
          width: 66.7992277992278
          height: 6.8
          rotation: 0.0
          original_width: 720
          original_height: 1280
      - name: button.tap_anywhere_to_exit
        action: exist
        threshold: 0.9
        bbox:
          x: 31.042471042471046
          y: 90.97826086956522
          width: 37.6003861003861
          height: 3.4999999999999996
          rotation: 0.0
          original_width: 720
          original_height: 1280
        isSearch: true
  - id: 64
    screen_id: squad_settings
    ocr: references/page.squad_fight.png
    regions:
      - name: page.squad_fight.auto
        action: exist
        threshold: 0.9
        bbox:
          x: 88.03088803088804
          y: 65.97826086956522
          width: 7.175675675675675
          height: 3.2
          rotation: 0.0
          original_width: 720
          original_height: 1280
      - name: page.squad_fight.speed
        action: exist
        threshold: 0.9
        bbox:
          x: 88.37837837837837
          y: 73.26086956521739
          width: 6.600386100386101
          height: 3.3
          rotation: 0.0
          original_width: 720
          original_height: 1280
