version: 2
screens:
- id: 1
  screen_id: rewards
  ocr: references/rewards.png
  screen_region: rewards.title
  regions:
  - name: rewards.title
    action: exist
    threshold: 0.9
    bbox:
      x: 12.777777777777779
      y: 21.09375
      width: 74.44444444444444
      height: 7.8125
      rotation: 0
      original_width: 720
      original_height: 1280
  - name: button.tap_anywhere_to_exit
    action: exist
    threshold: 0.9
    bbox:
      x: 31.944444444444443
      y: 90.3125
      width: 38.19444444444444
      height: 3.203125
      rotation: 0
      original_width: 720
      original_height: 1280
    isSearch: true
    tap_hold_ms: 200
  - name: tapanywhereyoexit
    action: text
    type: string
    threshold: 0.9
    bbox:
      x: 31.944444444444443
      y: 90.3125
      width: 38.19444444444444
      height: 3.203125
      rotation: 0
      original_width: 720
      original_height: 1280
    isSearch: true
